1
10
100
1000
1001
1002
1003
1004
1005
1006
1007
1008
1009
101
1010
1011
1013
1019
102
1020
1022
1023
1025
1026
1027
1028
1029
103
1030
1031
1033
1034
1035
1036
1037
1038
1039
104
1041
1043
1044
1045
1046
1047
1049
105
1050
1051
1052
1053
1055
1057
1058
1059
106
1060
1061
1062
1063
1064
1065
1066
1068
1069
107
1070
1071
1072
1073
1075
1076
1079
108
1080
1082
1083
1084
1085
1086
1087
1088
1089
109
1090
1091
1093
1094
1096
1097
1098
1099
11
110
1100
1101
1102
1103
1104
1105
1106
1107
1108
1109
111
1110
1111
1112
1113
1114
1115
1116
1117
1118
1119
112
1120
1121
1122
1123
1124
1125
1126
1127
1128
1129
113
1130
1131
1132
1133
1134
1137
1138
1139
114
1140
1141
1142
1143
1145
1146
1148
115
1150
1151
1152
1155
1157
1158
1159
116
1160
1161
1164
1165
1166
1168
1169
117
1170
1171
1172
1173
1175
1176
1177
1178
118
1180
1181
1182
1183
1184
1185
1186
1188
1189
119
1190
1191
1192
1193
1194
1195
1196
1198
1199
12
120
1200
1201
1202
1203
1205
1206
1207
1208
1210
1211
1212
1213
1216
1217
1218
1219
122
1220
1221
1222
1223
1224
1225
1226
1227
1228
1229
123
1230
1231
1232
1233
1234
1235
1237
1238
1239
124
1240
1241
1243
1245
1246
1247
1249
125
1250
1251
1252
1253
1255
1257
1258
1259
126
1260
1262
1263
1265
1266
1268
1269
127
1270
1271
1272
1273
1277
1278
128
1280
1281
1282
1283
1285
1286
1288
1289
129
1290
1292
1293
1296
1297
1298
1299
130
1300
1301
1302
1303
1305
1308
131
1310
1312
1313
1314
1315
1316
1317
1318
1319
132
1321
1322
1323
1326
1327
1328
1329
133
1330
1332
1333
1335
1336
1337
1338
1339
1340
1343
1345
1346
1347
1348
135
1353
1355
1357
1358
1359
136
1361
1362
1363
1365
1366
1368
1369
137
1370
1371
1372
1373
1375
1378
138
1380
1381
1382
1383
1385
1386
1387
1388
1389
139
1393
1395
1396
1397
1398
1399
14
1400
1401
1402
141
1410
1412
1415
1416
1417
1418
1419
142
1420
1421
1425
1427
1428
143
1430
1431
1432
1433
1439
144
1442
1443
1446
1447
1448
145
1450
1451
1452
1456
1458
1459
146
1460
1461
1462
1466
1468
1469
147
1470
1472
1475
1476
1478
148
1480
1483
1486
1488
149
1492
1495
1496
1498
1499
15
150
1500
1501
1508
1509
151
1513
1515
1518
152
1520
1521
1522
1523
1525
1526
1527
1528
1529
153
1530
1532
1533
1536
1538
1539
154
1540
1542
1543
1545
1546
1547
1548
1549
155
1551
1552
1553
1555
1556
1557
1558
1559
156
1560
1561
1563
1565
1566
1568
1569
157
1570
1571
1572
1573
1575
1576
1577
1578
1579
158
1580
1581
1582
1583
1585
1586
1587
1588
1589
159
1591
1592
1593
1596
1598
1599
16
160
1600
1601
1606
1608
1609
161
1610
1611
1612
1613
1615
1616
1617
1618
1619
162
1620
1621
1622
1623
1626
1627
1628
1629
163
1630
1631
1632
1633
1635
1636
1637
1638
1639
164
1640
1647
1649
165
1651
1652
1653
1655
1656
1657
1658
1659
1660
1661
1662
1663
1665
1666
1667
1668
1669
167
1671
1672
1673
1675
1676
1678
1679
168
1680
1681
1682
1683
1685
1686
1689
169
1690
1691
1692
1693
1695
1696
1697
1698
1699
17
1701
1702
1703
1705
1706
1707
1708
1709
171
1710
1711
1712
1713
1715
1716
1717
1718
1719
172
1720
1721
1722
1723
1725
1726
1727
1728
1729
173
1730
1731
1732
1733
1735
1736
1737
1738
1739
174
1740
1741
1742
1743
1745
1746
1747
1748
1749
175
1750
1751
1752
1753
1755
1756
1757
1758
1759
176
1760
1761
1762
1763
1765
1766
1767
1769
177
1771
1772
1773
1775
1776
1777
1778
178
1780
1781
1782
1783
1785
1786
1787
1788
1789
179
1790
1792
1793
1796
1797
1798
1799
18
180
1800
1801
1802
1803
1806
1808
1809
181
1810
1811
1812
1813
1815
1816
1817
1818
182
1820
1821
1822
1823
1825
1826
1827
1829
183
1830
1831
1832
1833
1835
1836
1837
1838
1839
184
1841
1842
1843
1845
1846
1847
1848
1849
185
1850
1851
1853
1854
1856
1857
1858
1859
186
1860
1861
1862
1863
1865
1866
1867
1868
1869
187
1870
1871
1872
1873
1875
1876
1877
1878
188
1882
1883
1884
1885
1886
1888
1889
189
1890
1891
1894
1895
1896
1897
1898
1899
19
190
1900
1901
1902
1903
1905
1906
1907
1908
1909
1910
1911
1912
1913
1915
1916
1917
1918
1919
1920
1921
1922
1925
1928
1929
193
1930
1931
1932
1933
1935
1937
1938
1939
194
1941
1943
1949
195
1950
1951
1955
1958
1959
196
1960
1961
1962
1963
1966
1967
1968
1969
197
1970
1972
1975
1977
1978
1979
198
1980
1982
1983
1985
1986
1987
1988
1989
199
1990
1991
1992
1993
1995
1996
1997
1998
1999
2
20
200
2000
2001
2002
2003
2005
2006
2007
2008
2009
201
2010
2011
2012
2013
2014
2016
2017
2018
2019
202
2020
2022
2023
2025
2028
2030
2031
2033
2038
2039
204
2048
205
2051
206
2060
2066
2068
207
2078
208
2080
2083
2086
2088
209
2098
2099
21
210
2100
2103
2108
211
2111
2112
2113
2116
2118
2119
212
2120
2122
2123
2128
213
2133
2136
2138
2139
214
215
216
2163
2166
2168
217
2178
218
2180
2181
2182
2183
2186
2188
2189
219
2193
2196
2198
2199
22
220
2202
2203
2208
221
2211
2212
2213
2218
222
2221
2222
2223
2225
2226
2227
2228
223
2230
2231
2232
2233
2236
2238
2239
224
225
2255
2258
226
2262
2263
2266
2268
2269
227
2277
2278
228
2280
2281
2282
2283
2286
2288
2289
229
2292
2293
2296
2298
2299
23
230
2300
2302
2303
2307
2308
2309
231
2310
2312
2313
2314
2317
2318
2319
232
2320
2322
2323
2324
2326
2327
2328
2329
2330
2331
2333
2336
2337
2338
2339
234
2340
2341
2342
2343
2345
2346
2348
2349
235
2355
2356
2357
2358
2359
236
2360
2362
2363
2366
2368
2369
237
2371
2377
2378
2379
238
2380
2382
2383
2386
2388
2389
239
2393
2398
2399
24
240
2400
241
242
243
244
2448
245
246
247
248
2488
25
250
2500
251
252
2528
253
254
255
2552
2558
256
257
258
2588
259
26
260
2600
2601
2606
2607
2608
261
2611
2616
262
2623
2628
263
2633
2638
264
265
266
2660
2662
2663
2666
2668
2669
267
2678
268
2680
2682
2683
2686
2688
2689
269
2696
2698
2699
27
270
2700
2708
271
2718
272
2722
2727
2728
273
2738
274
275
276
2768
277
2772
2777
2779
278
2788
2789
279
2798
2799
28
280
281
282
285
2858
286
2863
2866
2868
2869
287
2877
2878
288
2880
2882
2883
2885
2886
2888
289
2892
2898
2899
29
290
2906
291
292
293
294
295
296
297
2975
2976
298
2981
2982
299
3
30
301
302
303
305
306
307
308
309
31
310
311
312
313
315
316
317
318
32
320
321
322
323
326
327
328
329
33
330
3300
3301
3302
3303
3306
3308
3309
331
3311
3313
3315
3316
3318
3319
332
3320
3321
3322
3323
3326
3328
3329
333
3330
3331
3332
3333
3335
3336
3337
3339
334
3344
3348
335
3358
336
3360
3363
3366
3368
3369
337
3377
3378
338
3380
3382
3383
3389
339
3393
3395
3396
3398
3399
34
340
341
342
343
345
346
347
348
35
351
352
353
354
355
356
357
358
359
36
3600
3601
3603
3606
3608
361
3613
3616
3618
362
3623
3626
3628
363
3633
3636
3638
3639
364
365
366
3662
3663
3666
3668
3669
367
3678
3680
3681
3683
3686
3688
3689
369
3690
3692
3698
3699
37
370
3700
3708
3709
371
3718
372
3728
373
3737
3738
374
375
3759
376
3768
377
3773
3778
378
3788
3789
379
3798
3799
38
380
3800
3808
381
3813
3816
3818
382
3822
3828
383
3830
3833
3836
3838
3839
384
3848
385
386
3860
3866
3868
3869
387
3877
3878
388
3882
3883
3886
3888
3889
389
3893
3898
3899
39
390
3900
3903
3908
391
3918
3919
392
3928
393
3933
3938
3939
3948
395
3958
396
3963
3966
3968
3969
397
3978
398
3983
3988
3989
399
3990
3991
3992
3993
3996
3997
3998
3999
4
40
400
402
403
406
408
41
410
411
412
413
416
417
418
419
42
420
423
425
426
428
43
430
431
432
433
4332
4333
4335
4336
4337
4338
434
436
438
439
440
442
444
445
449
45
450
451
455
456
458
459
46
460
462
464
465
467
468
469
47
471
472
474
475
476
479
48
480
482
483
484
485
486
487
488
489
491
493
494
495
496
497
498
499
5
50
500
503
505
506
508
509
51
510
511
512
513
515
517
518
519
52
520
521
522
524
525
526
527
528
529
53
530
531
532
533
535
536
538
539
540
542
543
544
546
547
548
55
550
551
552
553
554
555
556
557
558
559
56
560
563
564
565
567
568
57
570
571
572
573
574
575
576
577
578
579
58
580
581
582
583
585
586
587
588
589
59
590
591
592
593
595
596
598
599
6
60
600
601
602
603
6030
6033
6036
6038
604
6049
605
6055
6058
6060
6066
6068
6069
607
608
6080
6083
6088
609
6090
6093
6098
6099
61
610
6100
6108
611
6110
6111
6113
6116
6117
6118
6119
612
6122
6123
6128
613
6133
6136
6138
6139
6158
616
6160
6161
6162
6163
6166
6168
6169
617
6178
618
6182
6183
6185
6186
6188
6189
619
6190
6193
6196
6198
6199
62
620
621
622
623
626
627
628
6288
629
63
630
631
632
633
635
636
637
638
639
64
640
641
643
645
646
647
648
65
650
651
653
655
656
657
658
659
66
660
661
662
663
665
666
667
668
669
67
670
672
673
674
675
676
677
678
679
68
680
6805
6806
6808
681
6811
6816
6818
6819
682
6820
6822
6823
6826
6828
6829
683
6830
6833
6836
6837
6838
6839
684
685
6855
6858
686
6860
6862
6865
6866
6868
6869
687
6877
6878
688
6880
6881
6882
6885
6886
6888
6889
689
6890
6893
6896
6898
6899
69
690
6908
691
6918
6919
6928
693
694
695
696
6966
697
698
699
7
70
700
701
702
703
704
706
707
708
709
71
710
711
712
713
715
716
717
718
719
72
720
721
722
723
724
725
726
727
728
729
73
730
731
732
733
736
737
738
743
745
746
747
75
750
751
752
753
754
755
756
757
758
759
76
760
762
763
764
765
766
767
768
769
77
770
771
772
775
776
777
78
780
784
787
788
789
79
794
797
798
799
8
80
800
8001
8003
8005
8006
8007
8009
801
8011
8013
8017
8018
8019
802
8020
8021
8022
8023
8025
8026
8027
8028
8029
803
8030
8031
8032
8033
8035
8036
8037
8039
804
8040
8041
8042
8043
8045
8047
8048
8049
8050
8051
8052
8053
8055
8056
8057
8059
806
8060
8062
8063
8065
8066
8067
8069
807
8070
8071
8072
8073
80737
8075
8076
8078
8079
8080
8081
8082
8083
8085
8086
8087
8088
8089
809
8090
8091
8092
8093
8095
8096
8098
81
810
8100
8101
8103
8105
8106
8107
8108
8109
811
8111
8112
8113
8115
8116
8117
8118
8119
812
8120
8121
8123
8125
8126
8128
813
8130
8131
8132
8133
8135
8136
8137
8139
814
8140
8142
8143
8146
8147
8148
8149
815
8150
8151
8152
8153
8155
8156
8158
8159
816
8160
8161
8162
8163
8165
8166
8167
8168
8169
817
8170
8171
8172
8173
8175
8176
8178
8179
818
8181
8186
8187
8188
8189
819
8190
8191
8192
8193
8195
8196
8198
82
8200
8201
8202
8203
8205
8206
8207
8208
821
8210
8211
8212
8213
8215
8216
8217
8218
8219
822
8220
8221
8222
8223
8225
8226
8227
8228
8229
8230
8231
8232
8235
8236
8237
8238
8239
8241
8242
8243
8245
8246
8247
8249
825
8250
8255
8256
8257
8258
8259
826
8260
8262
8265
8266
8267
8268
8269
827
8270
8271
8272
8275
8277
8279
828
8280
8281
8282
8283
8285
8286
8287
829
8290
8291
8292
8293
8295
8296
8297
8299
83
830
8300
8301
8305
8307
8308
8309
831
8310
8311
8313
8315
8316
8317
8319
832
8320
8321
8325
8326
8328
8329
833
8331
8333
8337
834
8340
8341
8346
8347
8348
8349
8350
8351
8353
8356
8357
836
8360
8362
8363
8365
8366
8367
8368
837
8370
8371
8372
8373
8375
8376
8377
8379
838
8383
8385
839
8391
8392
8395
84
840
8400
8401
8402
8403
8405
8406
841
8411
8412
8413
8416
8417
8418
8419
842
8420
8421
8422
8423
8425
8426
8427
8428
8429
8430
8431
8432
8436
8437
8439
844
8441
8445
8446
8447
8448
845
8450
8451
8452
8455
8456
846
8460
8462
8465
8470
8471
8472
8473
8475
8476
8479
848
8480
8481
8482
8483
8485
8487
8490
8491
8493
8495
85
850
8500
8501
8502
8506
8507
8509
851
8510
8511
8512
8513
8516
8519
852
8521
8523
8525
8526
8527
853
8532
8535
8536
8537
854
8540
8545
8547
855
856
857
858
859
8593
8595
86
860
8601
8603
8606
8607
8609
861
8611
8612
8613
8617
8619
862
8621
8622
8627
863
8631
8635
864
8645
8646
865
866
8668
867
868
869
87
871
872
874
875
876
877
878
88
880
881
882
883
884
885
886
887
888
889
89
891
893
894
895
896
897
898
899
9
90
900
901
902
904
905
906
907
908
91
910
911
912
913
914
915
916
918
919
92
921
922
923
924
925
926
927
928
929
93
931
932
933
934
935
936
938
939
94
941
943
945
947
948
95
950
951
952
953
954
956
959
96
960
966
967
968
969
97
970
973
974
975
976
978
979
98
980
981
982
983
984
985
986
987
988
989
99
990
9900
9909
991
9911
9916
9918
9919
992
9922
9928
9929
993
9933
9936
9938
994
995
996
9966
9968
9969
997
998
9988
999
9998